1 3 6790 14575 14544 
3 3 19659 14695 6790 
3 6 19659 19665 3988 1009 10387 4073 
1 3 14544 3492 1009 
3 4 5968 10063 2742 19659 
1 6 10061 4910 11489 2354 6361 20071 
3 5 5331 11469 14158 14146 20071 
3 10 20071 14222 14254 11305 11776 14351 7011 14413 4073 9695 
3 6 14158 5113 4066 8299 5055 19474 
5 2 19467 19469 
1 16 16491 8424 8242 8431 7617 1040 16393 7553 16326 16294 16247 8809 1445 16099 2649 1852 
3 8 1852 7801 4100 8269 15959 3077 20300 9816 
3 30 9816 783 15837 3297 2405 2701 6024 10265 277 3707 10096 15512 5315 6999 15422 19997 15377 8342 15381 5193 15480 15508 15537 15585 15605 6279 7136 15662 619 8047 
1 7 9405 5804 11487 16606 9025 9196 2961 
1 8 10239 2663 10823 10021 16586 4799 872 5804 
3 16 9405 10724 5264 1915 7192 2307 7171 19479 6346 16383 3731 9117 2226 16220 16192 16166 
3 18 10724 1915 9868 19478 16445 16420 10834 6009 9780 7606 16285 9763 16210 7487 19480 16184 19481 5613 
3 8 5613 5439 11148 16092 6614 9505 8587 15191 
3 19 15191 15996 7089 15968 15919 3310 15900 9577 1348 7339 7481 10597 10805 20295 4385 10029 9400 3173 15555 
3 8 15191 15962 11592 15894 9700 15831 15791 5243 
3 7 5243 20293 15694 7762 15607 7912 7114 
3 4 7893 7798 618 7114 
3 5 7114 15516 256 15506 8428 
3 9 15344 11661 10855 5087 9589 19490 15457 4090 7114 
3 8 256 15433 20149 20154 20156 5857 20163 3948 
3 4 14913 10230 15333 3948 
3 7 15555 10566 736 15465 6304 20143 9804 
3 8 9804 15418 20152 7338 15383 8070 6167 14913 
3 6 14913 15380 20068 20151 9206 8428 
3 6 15555 150 20138 20142 15449 9206 
3 27 7893 7798 8271 15637 19488 19487 7047 3981 10857 8934 10990 9116 178 15937 15969 2589 2785 16011 7093 16038 16060 5706 10603 253 16117 16156 16166 
3 6 5613 19482 5741 2237 16010 2785 
3 10 15191 15974 19485 15895 15863 15850 8819 15769 19486 7047 
3 6 16166 6521 16198 9978 11360 16279 
1 12 11238 2806 11284 10576 4098 10203 5143 16197 16162 10304 16140 9945 
1 12 20002 5058 20000 20001 19999 5252 15762 4109 2790 20008 20012 20013 
3 7 20002 20005 9564 19742 8945 19739 5603 
1 5 5603 19745 1379 19754 19756 
1 7 19827 19826 5754 19843 19861 19877 2623 
3 13 19827 11173 7799 15545 20032 325 20029 15609 20026 19760 19751 19749 5603 
3 10 2623 19905 1518 15157 19692 1124 15052 8829 19700 19973 
1 6 19827 11185 19831 19838 19850 19847 
1 10 19847 19836 10513 7325 15429 20039 1541 15432 1373 9804 
3 10 20013 20016 9301 20019 10883 20024 10270 5883 20130 15555 
3 6 19756 6748 11246 9487 19736 19743 
1 5 19743 2040 6880 6 1475 
3 9 19766 15647 6293 19735 15702 19740 19741 2040 19743 
1 12 19766 19765 19764 15638 19753 8278 3586 15689 19748 19752 15641 19759 
1 8 15635 19769 1292 19774 15636 10403 19758 19759 
3 12 15635 19778 11060 19787 9590 15517 9795 3781 4317 19851 19852 19858 
1 6 19766 19772 19781 19799 2253 20108 
1 9 20108 19797 19796 20110 10274 15464 19825 10113 19852 
3 13 10957 4095 1534 10867 4517 8274 10865 10325 15930 11018 4849 15795 7275 
1 9 19858 19868 19872 19869 9412 19881 5313 19900 19914 
1 7 19919 19913 9619 5277 19916 86 19914 
3 9 14911 19631 2524 19978 14989 6975 20119 10213 19623 
3 7 19914 19915 2609 7543 19947 10000 19959 
1 7 19959 4559 15006 19625 14941 14911 19543 
3 7 19536 14478 14510 41 14543 6801 19534 
3 6 19534 7500 1711 14632 8908 19524 
3 6 19543 7952 4696 15013 15049 19964 
3 8 15016 19961 19965 19967 8436 19975 4421 14927 
3 10 19964 15016 10931 4299 19616 6831 8338 15222 3361 19908 
3 9 19908 15272 19903 15242 19897 6313 19889 19884 2623 
3 6 7429 6198 2894 7865 10124 19539 
3 6 19539 14479 14511 7087 3356 19537 
3 9 19537 19493 9880 10147 19572 19574 19468 19702 19467 
3 12 19524 19989 14709 8956 19519 5001 19520 14741 14781 19580 19988 19581 
3 12 19581 9948 14761 10047 14658 14646 20064 19564 14601 19585 19702 19467 
3 6 19530 1135 4536 6783 19522 19521 
1 10 19521 14688 3383 10669 14780 19514 7895 3254 14883 19509 
1 6 19509 19985 19510 14873 19547 19549 
1 7 19549 14877 19542 1588 19984 19986 19543 
3 7 19543 19986 14875 5691 19551 14795 19555 
3 11 19555 19554 9217 14763 9876 14680 19566 19568 19583 19470 19467 
3 12 19554 7320 8329 4658 14896 14927 19624 4378 9941 14954 14965 19973 
3 4 19973 1973 5146 6123 
1 10 20108 2253 6359 19814 15431 19832 8567 19846 19849 19870 
3 6 19870 7541 8921 19896 19910 19919 
1 9 19870 19849 6253 19875 15296 19895 3940 15272 19908 
1 10 19436 19439 13936 11077 6043 9736 1887 8742 5871 10341 
1 6 19436 19431 19453 14023 9113 14105 
1 12 10261 7322 14016 14021 5081 14008 5702 13976 14002 19430 19432 19436 
1 3 14070 10636 14109 
1 6 14109 1866 14002 19429 19432 19436 
1 4 11078 14082 5476 14070 
1 6 13899 6273 4887 5558 11009 3648 
1 4 13899 6273 1079 13853 
1 3 13853 13880 3387 
3 7 19436 19437 4161 3756 9649 13880 13853 
1 10 19436 19441 5778 13807 3017 13700 5395 7104 8939 6603 
1 3 7585 8717 6603 
1 3 7585 13542 3648 
1 8 13245 4538 13191 13154 11055 4273 6915 5848 
1 2 5848 13092 
1 5 13092 5997 13067 13036 13013 
1 7 12864 850 3655 8899 6178 5997 13092 
3 3 6178 5997 13092 
1 11 13066 8323 13128 13183 5160 13221 13199 4851 13231 3766 11059 
1 7 11059 3771 6947 13341 13412 9035 3648 
3 5 13245 10305 242 13460 6603 
1 2 10130 9113 
1 3 13853 914 10053 
1 4 10053 13770 13802 9649 
3 4 10053 13596 9102 7585 
1 6 13617 5240 7999 9599 13430 7383 
1 5 7383 13385 11054 6872 9903 
1 4 13172 1393 13230 6872 
3 6 19635 19636 10159 11111 14736 19654 
3 5 19635 19626 19630 19628 19979 
3 8 19654 14703 5231 19655 14681 6419 10359 19659 
3 12 14810 4401 5251 7455 6913 7222 6771 14902 14858 19461 7457 19636 
3 4 14810 6109 14823 4760 
3 4 11304 8222 14764 7925 
3 4 7925 11395 4483 14810 
3 4 9653 14411 19690 9695 
3 6 9653 8059 14391 8295 7439 3142 
3 4 3142 14417 9994 14335 
3 6 3142 14525 14571 786 14703 19654 
3 6 14190 19474 9873 200 14374 9653 
3 5 14190 14141 4789 1567 4130 
3 10 4130 19472 14160 6033 7574 14277 8835 14303 11290 14335 
3 6 4130 14057 9052 194 13960 13923 
3 7 13923 13878 10705 1213 13705 2604 2632 
1 4 19462 8644 13662 2632 
1 4 19462 13663 2262 10936 
3 5 10873 13512 7266 3351 10936 
1 3 10936 4546 318 
1 6 10873 978 13398 1971 13342 7446 
3 4 13923 7008 7052 13927 
1 6 13927 13891 10810 7250 13766 19462 
3 7 13927 10508 4176 13908 13883 13897 13876 
3 6 13876 1192 13750 5303 10815 10936 
1 6 19462 4433 315 13779 13763 1192 
3 5 11304 10396 3639 8438 3142 
3 10 13876 13892 13871 11556 42 13860 3666 3832 19455 19458 
1 5 318 7334 6066 11307 1304 
3 9 1304 3826 8400 13629 10871 9469 6922 19460 19458 
1 7 19458 6292 2103 13780 5027 3946 13612 
1 15 13612 7731 13571 7898 13506 107 1391 13446 13417 6331 13370 254 10085 13400 5030 
3 7 5030 9842 8281 2107 13336 13346 9249 
3 11 4130 14125 14144 2823 8746 5121 5720 6982 14183 14213 14228 
3 11 14823 14751 7854 6750 14535 8117 1264 6884 14333 3087 14228 
3 12 7925 89 11213 14602 6546 14516 8093 10229 9853 2702 4742 14228 
3 6 14077 14124 14151 10595 14241 14228 
3 3 14077 5954 14030 
3 6 14030 9377 3371 11081 11486 3832 
1 7 19455 3832 3976 926 14000 4541 1871 
3 3 7329 3281 14152 
3 5 14077 14195 6345 146 14152 
3 11 13838 13912 5249 1972 9225 10970 13903 11491 19457 19459 19458 
1 9 13612 1566 3227 13676 13752 6836 9451 5242 13838 
3 5 13838 13792 10853 6018 13669 
3 6 13669 13605 5784 10787 6923 5030 
3 11 14135 6810 9307 14079 609 2815 10826 2316 4954 1871 7329 
3 3 14135 7632 14196 
3 5 13838 13870 13910 9298 2563 
3 8 9249 1771 10952 4973 13255 7364 13215 2187 
1 2 7364 13196 
3 6 1009 19675 14489 19676 14475 9653 
3 7 5231 4214 19669 9308 19671 19670 1009 
3 7 14335 8765 14304 2978 9325 5009 4742 
3 4 19626 9103 6275 7758 
1 10 7758 20077 4190 15192 7204 15177 6459 20178 15297 14913 
1 4 11129 14345 3429 8226 
1 7 8226 14436 5776 14404 14383 14396 1264 
3 6 14152 10484 7746 7980 14295 11129 
3 12 8226 14425 14454 11058 3388 1727 14534 14650 2736 10134 20049 19405 
3 10 19994 14824 14851 14906 6327 20285 20212 6890 20050 19405 
3 9 14979 8680 15053 15084 10602 10902 8520 15241 7506 
1 4 14979 14936 9320 20276 
1 3 20276 3751 14824 
3 8 19405 20051 10248 14837 14866 14916 159 9265 
3 6 9265 11088 15115 15106 11586 15119 
1 5 15119 568 10242 15198 15228 
1 5 15228 15248 7000 7299 15344 
1 5 15119 568 20265 15260 3579 
3 8 19405 20052 10134 14769 4026 5736 14725 14756 
3 10 14756 6472 11371 8259 9381 2880 2909 15042 3701 9914 
3 6 3701 2980 4888 1958 8954 14823 
3 6 9265 15083 15104 3427 4369 7506 
3 10 20094 5923 20090 15616 5910 15665 15754 1956 19406 15847 
3 11 4828 4844 6124 20094 7328 15445 1161 9490 15293 15273 7506 
3 8 7506 15218 15209 19998 9791 15287 10894 3579 
3 11 7506 8720 15360 225 9758 7693 20236 7941 15526 15570 19425 
3 15 7506 8720 7914 710 6825 4157 15335 6191 7006 15342 4908 8696 8595 19996 19997 
3 7 15182 15225 7819 3827 20238 19995 19997 
3 9 5644 15112 20192 4429 15180 15249 9396 4695 4908 
3 14 15182 20245 8856 15073 20196 8558 5644 15019 20274 14966 20277 2370 14932 19994 
3 8 19994 14852 5248 9834 4745 3788 14786 20283 
3 3 20283 6370 20282 
3 10 20282 14838 14790 10780 6846 9642 8540 541 6895 8043 
3 6 8043 6895 14912 14863 14784 14757 
3 7 15182 20242 15213 11100 15291 15323 261 
3 12 261 1586 15378 4687 8813 2847 15373 11417 8806 15368 15329 11566 
3 4 4620 20309 7597 11566 
3 16 11566 7391 15281 20313 3008 15197 8666 10005 9181 2907 14917 14888 6299 10464 14754 621 
1 7 621 2581 3376 14605 3938 8944 8721 
1 4 8427 14559 6929 8721 
1 7 6929 14637 14682 10989 1197 14853 14863 
1 9 7287 10842 15250 9762 471 4396 15124 4537 10005 
1 4 8427 14459 6165 10702 
1 5 10702 826 10199 8663 3040 
3 18 2066 14299 7436 421 14287 7462 14230 15691 5687 1257 4457 10589 14237 6969 6774 8577 14212 3040 
3 8 2066 1904 9200 8019 14467 3936 5446 6882 
1 8 6882 14505 8590 14447 8405 2953 14384 11129 
3 4 14196 6638 2419 2066 
3 6 14196 14161 3733 9520 14191 3838 
1 5 3838 10698 11123 9787 7968 
1 3 7968 14035 7557 
3 6 7557 8097 13872 11508 11073 3016 
1 6 6746 8814 13830 2241 20015 3016 
1 3 13830 13788 11083 
3 5 11083 13738 339 10251 13669 
1 4 6746 13951 13992 2092 
1 4 2092 9001 14085 14126 
1 2 14126 3838 
1 5 2563 9687 10129 13900 6746 
3 4 13346 13376 10471 8559 
1 7 3016 13789 13773 13790 5093 13732 5215 
3 5 5215 9391 13791 4781 9743 
1 9 9743 2914 6648 11308 2220 9479 11511 2692 5659 
3 9 5659 13401 5490 11373 13325 7812 6684 1126 20321 
1 5 5659 10468 13368 10687 13313 
1 5 13313 10681 13264 1273 13233 
1 4 13233 6000 13209 13196 
3 11 20321 20322 10271 4071 13354 9493 13388 10646 4498 2735 11015 
1 5 11015 13489 15 13567 8621 
1 6 8621 13678 8858 8202 1880 20320 
3 10 7345 14001 2362 13970 6817 13997 2995 4955 13886 20320 
3 8 20320 13921 10461 4340 14045 14111 6070 14206 
1 8 14206 14248 1427 5119 9459 9993 7382 14550 
1 12 14550 3982 14614 10840 14629 8206 14706 3599 1802 2633 14730 9149 
1 5 7345 9824 9279 8312 3614 
1 4 3614 5513 14131 1315 
1 5 1315 5184 6324 4005 3123 
1 13 3123 2660 14552 4856 9966 9360 9066 14719 14765 644 14864 6557 2644 
1 4 2644 10588 14994 8493 
3 12 14013 13998 6250 5263 13958 4308 13925 1501 2138 8487 13921 20320 
1 7 14013 5791 13974 7571 13969 13943 13973 
1 4 13973 6740 9849 8316 
1 6 13973 1110 13858 8157 486 5215 
1 5 8316 13985 392 1064 7557 
1 3 14098 8571 13973 
3 6 621 2540 10433 3453 14718 8206 
1 5 14859 3022 9839 14800 3599 
1 7 12534 4266 11035 4562 2233 12607 9576 
1 7 9576 7112 10135 3299 5685 2964 11108 
1 14 11108 4153 11446 12719 1398 12761 5961 12808 12835 12857 12880 32 5772 12961 
1 5 12961 11342 8615 7988 6466 
1 6 6466 8410 13140 3206 8176 2187 
1 5 6466 6418 1096 13169 13196 
3 11 12534 20062 20061 10964 1571 5337 12646 12672 7343 12725 9345 
1 5 9345 8924 8576 12778 4670 
1 6 4670 3229 9949 8578 12788 12808 
1 19 20062 20061 3107 3504 10535 12623 10735 717 12696 6164 6237 3633 7397 12877 8445 1050 10860 8641 8139 
1 8 8139 13071 13086 7088 13085 5708 7014 167 
3 10 167 13073 11214 11244 13052 8892 13051 8181 10748 13057 
1 7 13057 7111 2349 10193 7724 4825 12961 
1 7 13057 13098 13124 2429 13200 13222 2989 
1 5 2989 13272 13317 13298 13313 
1 8 20321 13262 13225 13178 13151 10413 5816 167 
3 12 8139 7581 4846 12946 3448 1449 6687 3018 2999 12838 20055 1920 
3 29 20320 13886 1632 10334 13708 4221 13660 7493 11310 841 1562 6437 5223 10102 3176 1814 13193 2318 13122 13090 27 13009 12991 3274 7003 3303 9150 20053 1920 
1 23 1920 20057 4016 4618 6789 7099 2643 12706 3166 12651 6835 3876 12589 2558 1139 12555 8943 1112 8470 12526 493 20063 12534 
1 14 9150 5565 12910 837 12966 7115 10494 1104 6592 7490 10689 3486 1708 10015 
1 9 10006 13768 9395 10358 10771 3353 13526 7930 13428 
3 4 10006 13851 13884 3869 
1 5 3869 11363 4177 9002 9227 
1 3 9227 14047 1551 
1 9 1551 5227 3163 14293 4838 7862 1282 7631 1861 
1 5 1861 11195 8013 14728 7634 
1 8 1551 14113 247 14122 14094 1720 7414 8306 
1 8 8306 14051 11420 5067 5260 14131 5513 3614 
3 4 13428 13406 1560 10015 
1 10 1551 7906 463 8752 4774 7933 14302 14380 14443 6185 
1 7 6185 14449 7783 14460 9640 5845 14553 
1 7 14553 4812 6637 14678 8430 2776 9169 
1 8 9169 9288 6582 9533 859 7687 14457 11380 
1 15 11380 7045 1202 14538 11338 827 6844 11177 14580 1918 14669 11433 7176 9811 10406 
1 19 10406 3935 14827 8965 1116 8509 14934 1671 14953 4757 14933 1966 14922 5554 10624 1440 8159 4938 14903 
1 9 14903 9547 11538 2172 5998 3011 7496 14984 5497 
1 5 5497 11220 9461 9826 15174 
3 17 7794 7004 13459 1344 10812 904 7514 13383 2129 13332 8873 2021 690 7570 6163 7281 10015 
1 25 1920 20053 9150 5565 2141 12863 6674 12860 4334 12886 12911 8474 935 12951 9023 7656 13002 7554 13006 13034 2645 13040 13055 473 11281 
1 18 11281 4627 11353 2396 12957 12948 6069 6078 9269 2734 2652 9120 3807 6002 12710 5127 3924 4202 
1 9 1920 20056 8211 11485 12726 3204 5935 10858 5317 
1 16 5317 5831 5917 12566 6441 5164 846 9875 6692 666 8929 4271 7708 4447 1794 9754 
1 6 9754 7214 4839 7993 3761 12444 
1 4 12444 4729 2176 5450 
3 21 12426 8922 12438 10136 12452 1649 11396 11483 4807 12492 12497 4945 11131 10031 3379 12510 10561 12526 493 20063 12534 
1 15 12426 2846 5438 3848 8456 239 5236 10794 4069 996 12289 4901 12263 675 62 
1 10 62 9148 6393 1572 1520 12189 636 11565 1450 1601 
1 26 12510 12487 1052 12440 8580 1221 12363 1338 10330 7034 11600 5970 12200 4288 12144 9492 6619 12082 3813 9295 3974 11975 1256 11929 5632 10172 
1 25 13429 5875 633 13330 2117 5068 321 6445 9402 2143 4570 4755 1682 13102 2777 10082 2293 6775 7257 2022 235 5955 8581 1709 4202 
1 17 4202 12610 8529 12549 2436 122 4015 5375 10921 9229 3577 12301 5683 9611 3669 3291 12211 
1 9 1601 728 5025 6386 6799 818 4733 6388 1046 
1 5 5450 3602 12176 1450 1601 
1 4 11319 979 8351 10295 
1 4 11319 1030 6576 2977 
1 15 6576 3736 16806 5653 7957 8103 3189 16860 8390 893 4759 4282 2854 16924 1697 
1 14 1697 16911 3783 11603 460 712 8957 10208 16986 3558 6630 3076 5823 3196 
1 9 1697 8439 11154 2118 2627 17033 4022 10918 3076 
3 12 20319 2443 5203 5086 16968 7702 4476 16983 9277 6085 2793 9909 
3 10 7377 7985 16980 1664 16974 2327 6236 6848 9537 4669 
3 7 11789 3127 8152 900 4285 1119 20319 
3 6 20319 11529 11458 1038 20009 11678 
1 2 20318 5820 
1 14 11529 16953 3983 4146 17076 7223 2656 10554 351 10910 6082 1289 10128 17118 
1 13 10295 2127 2286 16685 1358 16691 11138 2930 16690 6372 4391 4383 2488 
1 9 2488 5344 10167 9300 16700 5029 7839 2490 5308 
1 17 5308 8601 3474 16760 16755 16758 2008 11594 7118 1259 5479 16762 16783 7207 16770 4046 4293 
1 6 4293 3739 2571 16819 1645 7352 
1 4 10935 7227 2299 2488 
1 9 5820 4659 16820 3246 16812 9272 2369 16773 2904 
3 3 661 8983 2904 
3 3 11090 16120 265 
3 6 9919 349 9832 11190 4608 10009 
3 7 2582 10009 306 2726 16792 11512 1722 
1 13 1722 2192 10659 3078 1881 10655 16970 5667 4292 7305 2591 3716 1065 
3 3 9919 10286 11127 
3 11 9919 16617 2613 16559 16535 1258 16475 16419 2126 3277 2263 
3 7 526 16251 10440 16222 16216 16257 2263 
3 10 526 8166 10340 16211 9545 16203 6169 16133 1198 3494 
3 9 3494 16172 5671 2458 4643 16242 4582 16249 6214 
3 7 6214 6787 16228 16265 16282 1355 327 
3 13 19705 11049 8151 9508 15878 8946 10115 4913 15875 15843 15817 15846 19708 
1 8 19705 1140 15963 6594 4993 16107 1198 3494 
1 8 19705 8978 5180 15741 2811 15649 246 494 
3 10 19705 8978 5427 2188 12 8575 2552 4315 15730 9123 
3 9 9123 7861 7148 9956 15529 2936 15513 4156 8913 
3 13 16400 16377 1559 16371 5139 9542 16414 16449 6448 16497 16513 9506 7388 
3 39 8482 16233 4497 9006 4402 10480 10069 6089 1751 8652 15909 1783 9316 11456 6161 5153 16090 7715 9515 5793 10776 10351 6656 6473 9488 2200 9635 10476 6366 16395 16389 16341 3470 3573 16400 16436 2240 16481 2975 
3 9 10776 16179 6607 1929 168 10002 10238 4217 3470 
3 12 8482 271 4121 10642 1714 937 7501 1375 10426 16519 9632 2975 
3 8 3714 6333 8095 1263 7885 7182 10998 6214 
3 17 8047 6615 5250 10156 713 7950 15692 9280 15747 9494 1804 15726 15772 15793 5401 9967 3195 
3 3 3195 19709 19708 
1 6 542 6756 6725 2959 15407 15390 
1 11 526 9600 4183 16085 9019 15989 136 15886 6194 10906 9123 
5 4 18199 18291 18782 18290
3 3 18291 18782 18209 
1 20 16094 11206 268 16082 3725 8432 5056 16119 7154 179 16070 1519 5072 11350 16043 16033 681 16051 6339 16030 
1 8 16030 16009 8857 368 15890 2510 15833 1475 
1 13 10957 4095 16146 6115 6014 8150 4013 10171 16379 1444 10782 16477 16498 
3 2 10063 19650 
3 3 14024 14092 4130 
3 2 9052 14024 
1 5 1304 13480 9717 47 11502 
1 6 11502 1533 9107 4234 10912 13612 
3 7 19405 20051 10248 3414 9003 5575 20275 
1 5 9914 6813 20267 15143 7625 
1 10 5248 20278 14928 20205 3167 20202 20199 10099 20270 20196 
3 17 3167 15005 11503 3070 9972 15086 6196 10788 15110 5239 3794 10179 15133 9567 6513 9158 8806 
3 4 5087 8273 1654 3969 
1 5 3969 7350 20162 20163 3948 
3 9 14757 14722 4507 20226 14581 10206 6189 8230 2174 
3 7 2174 14297 1986 14357 8555 4393 10702 
3 9 1771 13316 13295 13307 7935 2197 10382 13297 13313 
3 8 8559 13514 9077 13481 13554 19465 19464 13643 
1 3 13643 9359 13773 
1 5 20286 14721 20222 20223 20284 
1 5 20286 7032 3422 2212 14852 
1 4 20284 14704 14673 4507 
1 4 2405 10778 8199 15720 
1 9 3313 927 16189 350 8105 5637 11090 16039 1703 
1 2 1703 10197 
1 9 1703 7301 2730 9606 5711 16004 10344 16013 8750 
1 3 8750 4110 3077 
3 5 15959 11559 5766 15874 7620 
3 8 713 10118 10811 1238 8501 15921 1492 8136 
1 6 15747 3945 2717 15779 6383 15793 
3 5 7950 6981 15583 15533 7173 
3 16 7173 15471 15443 6252 2705 9605 15326 7287 15306 20308 15299 505 4806 15290 15281 7391 
3 4 10630 5926 15413 8813 
3 4 7136 8694 4490 10630 
3 8 8047 9623 15597 6193 7471 9596 10023 11417 
1 2 15512 1725 
1 2 15585 677 
1 4 10100 525 15816 15782 
1 6 10100 3034 3585 1707 15939 10197 
1 8 15782 4059 20105 8999 15658 9289 6874 19425 
1 4 15422 3181 4597 15385 
3 14 1852 5333 9418 8136 11345 270 11346 5701 10465 15916 15859 15838 15814 6383 
1 8 8424 1699 602 3580 8504 7627 16609 10493 
1 2 16609 16595 
1 2 7553 16381 
1 2 16294 16270 
1 8 16381 1149 16374 5989 16357 6688 16304 3313 
3 6 7620 15813 15774 5474 15722 8047 
1 7 4059 20106 20104 20103 1704 20101 15720 
1 3 11678 2595 6449 
3 2 16890 11789 
3 12 16890 3214 1436 3578 7733 2274 7361 6680 7689 3755 5293 6510 
3 4 9909 7377 16918 6510 
3 16 6510 16907 8629 5190 4588 16893 10649 7454 10627 1007 4669 470 5919 3993 598 3782 
1 11 3782 4528 809 16865 3557 4305 5432 9684 2091 16885 7454 
1 11 598 1832 2223 17019 5657 17053 17058 5707 3128 703 4975 
1 7 4975 285 6867 17072 9572 6809 3196 
1 13 4975 6007 10623 17105 8015 8593 9964 7963 4042 9210 8574 3889 5919 
1 8 8750 6652 9454 16154 16185 4621 16246 16277 
1 4 16277 11188 16286 16270 
1 5 3969 20259 20260 20261 7625 
1 5 10511 5939 13707 13764 8202 
1 4 5119 9601 14350 1595 
1 5 8427 7917 6932 991 1595 
1 4 9787 2163 10111 15691 
1 3 14098 9238 6774 
1 8 3040 4150 2859 14186 1596 14107 9062 14013 
1 2 15385 4908 
3 4 661 7990 16744 2582 
3 6 68 16624 11635 938 16528 2975 
3 5 16528 16516 8755 16490 2240 
1 6 10694 8919 10402 3882 15362 15390 
3 3 8049 8831 3302 
1 3 3302 15358 3882 
3 15 8049 15481 10474 15473 3803 7678 15536 7187 15538 8619 1638 4931 15571 6885 9956 
1 8 1724 16482 16452 16424 5658 16331 16253 6214 
1 6 1724 16524 2470 16539 11024 3526 
3 2 3195 19710 
1 9 542 7859 2306 9438 15602 15547 3410 11620 8831 
3 24 1751 15913 9094 11397 670 3697 7407 9933 6344 15879 5366 11351 88 6640 3551 15983 4422 16041 10336 7920 5382 9087 173 2263 
3 5 16467 7434 16463 20315 1258 
1 9 1722 6177 16842 16846 16857 6310 7901 4734 6449 
1 2 7368 526 
1 7 1842 11340 16376 9372 6100 11228 4643 
1 15 11340 16362 1591 4706 1237 2147 16397 7587 8955 355 16388 16360 16332 8208 10340 
1 4 3718 17341 16113 4926 
3 2 9750 4926 
3 7 9750 15975 2659 11076 7877 2246 6383 
3 5 4926 7411 4819 11160 3714 
1 7 15875 9776 9802 15960 3650 16017 8095 
1 7 2611 3139 15534 494 9677 6577 11388 
1 4 8911 15402 4209 3803 
1 7 9227 1341 13930 13954 13915 628 13913 
1 5 2633 14663 7082 14551 14506 
1 7 14506 14526 8341 3171 14370 14324 14248 
3 9 8043 9668 15020 6045 6926 15123 9693 5064 4620 
3 5 3356 19502 19503 14419 19598 
3 12 19469 19575 14562 19576 14554 6358 8751 19678 10216 2109 19689 14544 
3 4 19574 19577 7209 19589 
3 2 19589 4685 
3 7 19596 2526 14284 14263 14193 14156 19612 
1 3 14156 10438 19613 
1 3 10438 14117 10061 
3 6 14284 19600 19603 19607 19610 19611 
3 3 4685 14372 19596 
1 4 19503 9242 10716 4685 
1 5 19596 722 14359 5803 19594 
1 7 19594 19592 19599 14318 6858 4012 14254 
3 5 19611 14223 7682 14210 6361 
1 2 6358 14462 
1 4 14462 14430 8871 19594 
1 2 14430 19590 
1 3 14413 19681 19682 
1 3 19682 14439 14544 
3 6 9876 6757 14743 19559 5124 19701 
3 10 19701 19653 5995 9616 14693 5560 19651 19688 14702 14695 
3 3 6123 14957 19979 
3 4 5968 14857 14898 19979 
1 5 5146 19699 10654 19694 19693 
1 3 4066 8651 14254 
3 2 5331 10756 
3 5 14190 3763 11757 9335 14158 
3 7 2280 11402 13772 9685 3121 10384 10705 
3 6 3121 944 13938 8322 2195 2685 
3 4 20009 16873 20318 16839 
1 3 2904 16773 2369 
1 4 1722 6177 16842 16846 
3 12 9335 14088 14018 13977 13935 2685 13864 5859 13863 9896 13937 10756 
3 6 14024 1657 14056 14055 255 13977 
5 9 7288 2763 6891 6658 17062 17069 2122 10497 10544 
1 21 6658 2610 1508 476 2762 17123 2084 17132 7220 2130 17129 2420 8508 4320 2713 1087 17128 3241 5880 2460 3326 
1 9 2460 2135 6283 373 8128 3467 17097 3920 489 
1 11 2122 8 9620 6067 2926 425 5979 1662 4108 11537 6855 
