1 40 
1 62 
1 68 
1 167 
1 168 
1 187 
1 191 
1 256 
1 270 
1 310 
1 318 
1 327 
1 346 
1 351 
1 402 
1 476 
1 485 
1 492 
1 526 
1 587 
1 621 
1 661 
1 663 
1 677 
1 758 
1 883 
1 911 
1 913 
1 915 
1 937 
1 944 
1 1046 
1 1047 
1 1065 
1 1259 
1 1304 
1 1315 
1 1321 
1 1349 
1 1375 
1 1408 
1 1475 
1 1488 
1 1534 
1 1550 
1 1551 
1 1567 
1 1595 
1 1601 
1 1671 
1 1703 
1 1722 
1 1724 
1 1725 
1 1746 
1 1751 
1 1771 
1 1814 
1 1842 
1 1843 
1 1852 
1 1861 
1 1920 
1 2066 
1 2086 
1 2118 
1 2120 
1 2152 
1 2174 
1 2187 
1 2263 
1 2488 
1 2563 
1 2582 
1 2632 
1 2643 
1 2644 
1 2701 
1 2904 
1 2942 
1 2961 
1 2975 
1 2977 
1 2980 
1 2989 
1 3002 
1 3016 
1 3040 
1 3123 
1 3142 
1 3151 
1 3189 
1 3195 
1 3196 
1 3295 
1 3313 
1 3326 
1 3387 
1 3393 
1 3470 
1 3494 
1 3526 
1 3579 
1 3580 
1 3581 
1 3585 
1 3588 
1 3601 
1 3614 
1 3616 
1 3648 
1 3650 
1 3652 
1 3668 
1 3696 
1 3714 
1 3719 
1 3734 
1 3763 
1 3770 
1 3832 
1 3838 
1 3869 
1 3938 
1 3945 
1 3948 
1 3969 
1 4090 
1 4102 
1 4108 
1 4130 
1 4190 
1 4202 
1 4293 
1 4334 
1 4365 
1 4380 
1 4396 
1 4569 
1 4620 
1 4670 
1 4683 
1 4740 
1 4759 
1 4760 
1 4828 
1 4908 
1 4910 
1 4926 
1 4972 
1 4975 
1 4993 
1 5015 
1 5030 
1 5086 
1 5087 
1 5105 
1 5121 
1 5131 
1 5160 
1 5215 
1 5230 
1 5243 
1 5308 
1 5317 
1 5331 
1 5497 
1 5550 
1 5560 
1 5603 
1 5613 
1 5657 
1 5659 
1 5820 
1 5848 
1 5919 
1 5968 
1 6141 
1 6185 
1 6214 
1 6262 
1 6273 
1 6336 
1 6364 
1 6373 
1 6449 
1 6510 
1 6593 
1 6603 
1 6626 
1 6746 
1 6750 
1 6771 
1 6785 
1 6845 
1 6855 
1 6882 
1 6890 
1 6891 
1 6973 
1 6984 
1 7011 
1 7018 
1 7025 
1 7047 
1 7072 
1 7081 
1 7114 
1 7138 
1 7151 
1 7173 
1 7202 
1 7212 
1 7223
1 7265 
1 7345 
1 7352 
1 7382 
1 7383 
1 7388 
1 7391 
1 7408 
1 7429 
1 7447 
1 7462 
1 7471 
1 7506 
1 7557 
1 7585 
1 7617 
1 7620 
1 7625 
1 7627 
1 7634 
1 7794 
1 7797 
1 7893 
1 7921 
1 7925 
1 7968 
1 8001 
1 8003 
1 8011 
1 8043 
1 8047 
1 8087 
1 8124 
1 8139 
1 8149 
1 8162 
1 8171 
1 8186 
1 8206 
1 8214 
1 8226 
1 8254 
1 8259 
1 8299 
1 8306 
1 8310 
1 8315 
1 8316 
1 8372 
1 8424 
1 8427 
1 8428 
1 8434 
1 8482 
1 8493 
1 8517 
1 8559 
1 8600 
1 8621 
1 8622 
1 8685 
1 8750 
1 8813 
1 8831 
1 8836 
1 8911 
1 8913 
1 8955 
1 8957 
1 9025 
1 9035 
1 9123 
1 9149 
1 9150 
1 9169 
1 9181 
1 9225 
1 9227 
1 9249 
1 9262 
1 9265 
1 9438 
1 9498 
1 9515 
1 9567 
1 9576 
1 9605 
1 9617 
1 9620 
1 9635 
1 9653 
1 9671 
1 9680 
1 9695 
1 9727 
1 9743 
1 9750 
1 9753 
1 9754 
1 9804 
1 9811 
1 9816 
1 9873 
1 9903 
1 9909 
1 9914 
1 9919 
1 9945 
1 9975 
1 9994 
1 10006 
1 10015 
1 10024 
1 10029 
1 10053 
1 10068 
1 10100 
1 10106 
1 10111 
1 10118 
1 10130 
1 10147 
1 10197 
1 10239 
1 10261 
1 10295 
1 10337 
1 10341 
1 10351 
1 10387 
1 10406 
1 10480 
1 10489 
1 10493 
1 10511 
1 10573 
1 10627 
1 10630 
1 10694 
1 10702 
1 10724 
1 10756 
1 10760 
1 10788 
1 10837 
1 10873 
1 10929 
1 10936 
1 10957 
1 10959 
1 10999 
1 11015 
1 11059 
1 11073 
1 11078 
1 11083 
1 11108 
1 11129 
1 11136 
1 11138 
1 11228 
1 11238 
1 11241 
1 11304 
1 11319 
1 11380 
1 11388 
1 11402 
1 11456 
1 11502 
1 11529 
1 11548 
1 11566 
1 11586 
1 11592 
1 11661 
1 11678 
1 11789 
1 11921 
1 11975 
1 11977 
1 12299 
1 12338 
1 12357 
1 12363 
1 12426 
1 12444 
1 12506 
1 12534 
1 12640 
1 12707 
1 12721 
1 12735 
1 12771 
1 12798 
1 12810 
1 12864 
1 12961 
1 13013 
1 13057 
1 13066 
1 13092 
1 13196 
1 13202 
1 13230 
1 13233 
1 13245 
1 13264 
1 13313 
1 13398 
1 13428 
1 13429 
1 13446 
1 13469 
1 13612 
1 13643 
1 13669 
1 13731 
1 13742 
1 13830 
1 13838 
1 13853 
1 13863
1 13876 
1 13886 
1 13899 
1 13913 
1 13923 
1 13927 
1 13935 
1 13936 
1 13966 
1 13973 
1 14013 
1 14024 
1 14030 
1 14070 
1 14077 
1 14098 
1 14105 
1 14109 
1 14126 
1 14135 
1 14152 
1 14158 
1 14164 
1 14190 
1 14196 
1 14206 
1 14228 
1 14254 
1 14335 
1 14383 
1 14462 
1 14506 
1 14516 
1 14544 
1 14550 
1 14553 
1 14646 
1 14714 
1 14730 
1 14756
1 14757 
1 14823 
1 14859 
1 14903 
1 14913 
1 14927 
1 14979 
1 15123 
1 15174 
1 15180 
1 15182 
1 15191 
1 15228 
1 15255 
1 15299
1 15344 
1 15385 
1 15390 
1 15422 
1 15555 
1 15635 
1 15665 
1 15720 
1 15847 
1 15859 
1 15879 
1 15903 
1 15989 
1 16099 
1 16166 
1 16189 
1 16270 
1 16279 
1 16311 
1 16357 
1 16394 
1 16467 
1 16491 
1 16498 
1 16588 
1 16595 
1 16733 
1 17314 
1 19405 
1 19413 
1 19425 
1 19433 
1 19436 
1 19458 
1 19459 
1 19462 
1 19467 
1 19468 
1 19484 
1 19509 
1 19520 
1 19521 
1 19524 
1 19530 
1 19534 
1 19536 
1 19539 
1 19543 
1 19549 
1 19555 
1 19563
1 19566 
1 19577 
1 19581 
1 19589 
1 19590 
1 19594 
1 19596 
1 19598 
1 19603 
1 19611 
1 19612 
1 19613 
1 19615 
1 19623 
1 19635 
1 19650 
1 19654 
1 19659 
1 19671 
1 19675 
1 19678 
1 19682 
1 19693 
1 19701 
1 19705 
1 19709 
1 19710 
1 19743 
1 19748 
1 19756 
1 19759 
1 19766 
1 19827 
1 19847 
1 19852 
1 19870 
1 19898 
1 19908 
1 19914 
1 19919 
1 19959 
1 19964 
1 19967 
1 19973 
1 19979 
1 19994 
1 19997 
1 19998 
1 20001 
1 20002 
1 20008 
1 20013 
1 20015 
1 20022 
1 20023 
1 20026 
1 20029 
1 20032 
1 20049 
1 20051 
1 20053 
1 20055 
1 20060 
1 20062 
1 20071 
1 20108 
1 20169 
1 20205 
1 20270 
1 20274 
1 20275 
1 20276 
1 20277 
1 20282 
1 20283 
1 20284 
1 20286 
1 20294 
1 20320 
1 20321 
1 20322 
