
state={
	id=312
	name="STATE_312"
	resources={
		oil=3.000
	}
	manpower=1
	buildings_max_level_factor=1.000
	state_category=rural

	history={
		buildings = {

		}
		1911.1.1.12 = {
			owner = SWI
			 
		}
	}

	provinces={
		78 85
		101 108 111 115 145 181
		203 213 229 236 290
		308 312 332 395
		437 478 481
		528 531 560 575 591
		629 637 668
		720 729 771 792 795
		801 811 852 861 870
		901 931 943 989
		1008 1055 1059 1081
		1106 1108 1147 1181
		1214 1249 1291 1297
		1327 1330 1351
		1412 1430 1478
		1539 1556 1581
		1651 1695
		1767 1779
		1823
		2015 2044 2054 2055 2074 2097
		2102 2159
		2221 2249 2278
		2300 2329 2343 2344 2389
		2484
		2560 2588
		2630 2646 2658 2666 2682
		2751
		2858
		3025 3054 3086 3099
		3193 3197
		3220 3293
		3337 3366 3397
		3433 3458 3460
		3583 3589
		3600 3671
		3738
		3818 3821 3836 3852
		4018 4076 4085
		4118 4182
		4230 4246
		4318
		4470
		4529 4589
		4625 4651
		4701 4709 4718 4784
		4860 4868 4875 4886
		4903 4937 4964
		5022 5090 5099
		5191 5196
		5219 5292
		5460 5472 5477
		5624
		5726
		5867 5879
		5960 5972 5991
		6035 6077
		6200 6231
		6301 6307
		6482
		6741 6759
		6905
		7042
		7125 7135 7146
		7218
		7316
		7526 7533 7584
		7851 7875 7882
		7908
		8016
		8303 8348 8373
		8407
		8553
		8636 8655
		8758
		9042 9065 9082
		9232 9256
		9311 9379
		9465
		9501
		9656
		9738
		9861
		9916 9929
		10183
		10252 10253
		10379 10398
		10404 10439
		10763
		10880
		10932 10966
		11159
		11202 11216 11291
		11328
		11452
		11567
		16660 16662 16667 16670 16682 16689 16695
		16715 16723 16728 16729 16731 16736 16737 16749 16774 16779 16788 16789
		16802 16813 16827 16831 16855 16863 16877 16894 16897
		16914 16994 16999
		17003 17023 17032 17040 17052 17055 17078 17085 17087 17090
		17113 17126 17127 17144 17156 17160
		17405
		19602 19652 19661 19662
		19703 19704
		19880 19893 19898 19899
		19906
	}
}
